scored_by=[
139250
91206
37129
36501
107767
21618
9663
126085
53908
335137
66565
315130
53285
281448
433097
175388
212710
385179
59911
557898
122090
33244
90699
62720
14619
89081
91187
136105
16772
44132
142827
17683
167968
23467
423868
7348
126326
11924
181978
16688
47983
69224
236083
167429
87363
138954
121898
6598
133548
69250
5866
86423
36820
40618
609
0
690
2355
94
102
15423
28
28791
9290
100
237
676
18
16149
2806
79
1050
1911
22
4687
315
0
7
81162
103
97
60
275
34990
120
395
7
4722
129
16293
161
37
333
953
368
7177
2749
8111
59
178001
10761
2588
14763
9
485
392
73
622
4073
0
5918
92
64
1221
454
75431
121
244
34252
54
48992
855
682
48
265
2361
3115
74531
1466
75
18254
135
94024
14981
476
36
113
34590
16
38
5239
18944
2401
1
86
0
220
308
6
44138
106
8677
433
50
20831
2750
6103
2481
318
942
32925
88
23
83
11
27215
1228
42588
25496
102780
1668
131
8
14762
6748
33779
11034
579
3288
13
76059
77292
18
876
9
603
1192
0
122
14
112
423745
34
8
10578
6175
1016
417
30
1708
6457
2359
2571
1918
6
23159
4795
407
9503
20
2684
940
1091
8348
4685
10
23040
92
93040
318
264
25
849
36
93
35543
185
9271
24
0
7131
1317
20905
181
14
1696
39360
224
333
21
865
22411
31
62
18323
10489
84
695
274
160
234
33
33
7
778
52
23
175745
27
33
10221
98
24
198
47
1220
48149
6516
63
14625
41
76
482
25
3497
95
82
3793
209
86
14
33
29
2156
110
750
12
51
26
109
1526
109
1012
3552
102220
2651
5709
389033
67
10514
44
106
9
5735
25272
4693
285107
18133
37344
69
57
22974
3174
104
825
871
1849
847
119405
67
98
248
3290
55
68
381
8985
360
60
104
3994
1322
28
53881
0
3023
16978
2042
20
8
234
267
57
220738
146
37675
24
369
263
81885
377
3116
22
118
26
40
9
15
1570
1395
558
27
10467
3201
1986
3574
13
1605
194
4508
81
1480
1372
349
8597
34768
74
5
7
136841
1468
707
2596
2821
23974
27311
2736
0
666
1440
88
13
70849
66287
292
3287
27
895
19
271
10848
173199
573
5491
1758
2481
3312
101
1171
636
554
114389
41266
8804
75
273
4936
15083
403377
388
45273
348
31558
526
192
7075
1560
59925
61
200
74301
25
441
83160
12586
1709
9307
1111
115107
1615
8
1421
56592
25722
10801
11216
5527
1937
115
322
751
149
1328
158
169
452
1279
3
0
160
7
1758
54416
5044
173
1314
4299
452
1332
396
2995
3007
755
746
14428
1403
30
8335
76
28
21
3
1499
1772
248567
1178
391
30
56700
89
173
364
26659
22487
14357
4448
55
2596
22
2352
15532
115
7
134
214
36
3940
1288
126
27789
19
1
3103
3241
3296
490
263
556
509
1087
13
9662
5109
1092
1282
1072
1425
1329
294
10823
142
166
103
119
85
914
327
283
385
76201
225
282
14254
46
972
192
4293
39
1
27365
26
2386
2295
179
106
491
6920
8915
1493
21
25
62
9690
456
15
86
26
545
1825
1794
1703
484
42813
16749
2082
24
70
11
110
407
41
11
36143
796
344
843
1
15189
13180
391
8922
440
78
591
2847
189
56
2861
141
57366
1137
12530
132
947
11
5467
17
21248
8664
111160
394
3025
230
148
13576
12025
1105
3051
329
77
631
116685
142
342
87
62226
46
29860
87
1285
536
81
38
250
411
44
11
151
124
0
8547
23492
942
1439
21
223
22973
22119
43270
65701
28829
2097
319
21
16983
16
126
13
19988
14
108693
711
27068
84
262
665
1390
3135
1327
13
78
0
57
1609
305
204
299
916
82
795
2074
59
1382
1266
2657
60
7943
159
1090
59498
550
9
693
179637
1973
39
29833
2652
59653
13954
36304
113730
93
267
43
29243
1155
7
33
2248
211
10
57
3833
44962
2426
10292
728
37
7
974
55
29
72222
49
9290
22323
34
1507
1628
344
61
13
7
20365
318
369
39948
1424
2397
570
273
15866
58
10926
45
69
159
2508
942
564
13
103
224182
5930
4080
1594
507
6094
567
1338
28413
36871
699
810
14
2453
638
11053
1065
688
611
3779
34956
1292
8
516
16
6
35949
7
1438
1292
6668
10
3531
475
2527
448
1165
34
165
4327
231
1340
3
2688
135
29
3426
24
399
50
5765
19854
3059
65264
32
93
36
40
2348
73
44550
1514
3904
114663
21
1814
7
577
331
27
90
66
33
5835
8523
41098
18
407
394
1532
19
205597
229
59
24
646
24
89
3541
23
6105
87
6
50
135
210142
38
4369
373
134
832
1453
166
16390
76450
25
31
11394
1428
7175
612
0
5963
135
51
57264
33
8885
2984
2634
148
28
43
361
5
98
11169
2488
31034
144743
539
1202
262204
39
72
1016
415
3033
1996
12728
427
0
308
1103
3052
20601
1133
76
9
25
8
11572
38439
1155
990
6694
29
629
76116
8000
8
165
385532
101593
367982
7008
555
38200
22685
59
454
1085
72
35
190
991
1923
0
11631
313058
255852
647
1658
442
1286
10839
895
364
34
17
0
612
48
3949
5
37
1089
477
27316
14000
2938
2790
2
3304
98
21
371
81479
832
4
570
27174
1123
18
59
16
11
68318
576
18
6
31812
19
132
79
634
895
65
38
33806
3
3
117
70
77
0
674
125
276
20365
21647
2
22
59894
1053
6
14084
18966
346
46
39122
521
7135
458
97351
11
85
8928
31
474
319
511
613
71
1176
724
7682
328
370
278
179181
73978
3136
16
10378
471398
931
2945
15
171
20
12635
11723
110
475
348
29
16292
39250
0
36
5
142
19
3998
628
115
4630
43
1445
412
70425
20250
5362
332
25
70
1187
624
305
7473
2861
657
33
5630
1520
4170
1095
1038
1211
71897
82
1094
908
33
6788
22
29517
421
14638
30
1947
77
919
39
5410
9
142
6288
4289
1631
179475
18776
481
20
209
12387
14335
601
20203
5751
28396
12111
88
11965
9
1289
11
4
75524
17
114
74
40
26
204
686
51
139857
50
8932
21471
27627
12917
7014
39
17
154
6229
31
47463
85
54404
7754
655
2591
103
17363
5
328
656
164
604
822
109
914
9204
797
1290
853
5796
5
157266
42
293
1356
69
17745
22709
95
102
301
8
314
877
2575
125
908
12
3634
8359
11
15260
604
248521
764
565
38301
0
729
1122
29
24990
145
1444
14
46
2264
171170
141
150
16346
219074
49917
434
77
34049
10
35047
1458
3563
3205
496
154
1499
231
1911
5481
197
2867
29
894
90
95
20935
19557
84
5265
1025
2668
96
46
315
17619
4198
43
2394
8
863
15
53
1867
659308
6395
3677
786
41
2533
346
21075
7560
19309
1867
167
7585
4318
1138
30
28
71751
915
100
20
8
1189
5947
187
14
9767
884
3811
969
3067
9097
92
83076
286
3470
19822
16
6766
424
12
2007
2549
3644
1077
5050
357
1
2055
37
279
128
2347
623
12
18
148
51742
402
24
4
19914
2413
0
557
589
43
6925
3
1675
61993
11592
30779
45
33723
0
58640
592
9
2759
8
35
25451
400
49728
77218
21009
29500
36972
7140
1335
19329
58577
1069
8612
83
63
8091
15
19
16
3080
23
103
231
61
17598
11
93
10
18
6655
197
63
873
28974
118435
88
185
7382
282
6944
834
638
67
387
19
412726
23
2970
1325
27
768
265
200
23904
205
40251
6
49
177
70113
1115
41939
658
20
107
95
29
208
644
12
46
7831
141762
3743
777
43
3239
599
24467
0
99
426
215
6341
196
1271
297
110
16
20
16
371
0
0
272
48305
28
24355
4464
519
164
132252
32
238
31
19
26
33
643
8369
21
16015
13
112969
1213
128
16016
17
14
116
6764
532
129770
20
1422
291
8064
45
7646
63
1184
25
4668
266
260
3642
312
1779
28104
965
17
560
7633
10
1040
3571
12410
92
107
20
416
797
23
37946
261632
3797
1156
620
300
1798
632
8
89795
327
39
28759
1467
87
1960
923
18325
4076
83264
3473
2806
703
1545
97
1129
161
26
16274
2106
4505
25
7088
2670
33696
14
48
915
188337
315
117
177
568
226
9
105
4099
149
297
111
919
67
7781
20
823
572
1062
511
729
313
530
19
108
14
303
3201
34
12
68
665
23
3153
504
25
43
16
39
141
2680
8
30949
46198
202
41
10729
753
848
19
8078
1439
74
15516
22
96
45
6260
17
3138
40883
1413
9137
6386
6751
1260
25528
17964
7894
566
14
227
1762
0
694
3812
230
10549
49
1319
150
43
38423
4672
552
12259
11229
3538
676
18
337
7
1295
917
492
85
502
64
4673
16342
20
35792
13362
242
487
123
2727
672
148
7598
128
9
87
152
37
68
1207
44
34776
33
462
39
292
62
1271
2969
4052
0
25
12
630
67
13
1027
9
97625
127
10
2809
32824
174
23271
1023
68
0
4516
5817
885
901
7992
13
1257
559
897
6124
306308
315
38
9
19
461
322
14886
27
10
3782
19
286
178
1
13518
809
4366
5173
3560
8
189
834
31
1190
10314
16131
117011
13539
60508
46
71
436
140584
252
212
31439
54
29455
0
7096
12252
246
15
276
70
12577
10134
4049
43
8050
95032
25
61
131
12809
1510
394
86
2324
8706
111
3637
148
100
27
11
4664
617
712
0
643
21867
454
92241
10
3073
9082
41
72
68
1601
6779
171
18
16
30
19
62
997
803
13
7109
63
65
536
0
18779
111
0
0
1795
768
28
44
1601
16
23
13770
763
0
342
3289
192
875
432
803
39
2090
0
1251
36
544
10
22448
417
75
13
5
1475
68
52808
13
57
43
134
503
82
3311
96
29853
210
1979
0
3
86
3902
8997
2579
2863
1818
17560
2684
1760
360
2270
9010
14
252
83
1780
5031
2649
22
13
27
193
1404
17
2538
1641
6826
11581
29
767
59823
122
